2000
65535
65536
131071
131072
262143
262144
524287
524288
1048575 
1048576
2097151
2097152
4194303
4194304
8388607
8388608
16777215
16777216
33554431 
33554432
67108863
67108864
134217727
134217728
268435455
268435456
536870911
536870912
999948288
999948287
999817216
999817215
999686144
999686143
999555072
999555071
999424000
999423999
999292928
999292927
999161856
999161855
999030784
999030783
998899712
998899711
998768640
998768639
998637568
998637567
998506496
998506495
998375424
998375423
998244352
998244351
998113280
998113279
997982208
997982207
997851136
997851135
997720064
997720063
997588992
997588991
997457920
997457919
997326848
997326847
997195776
997195775
997064704
997064703
996933632
996933631
996802560
996802559
996671488
996671487
996540416
996540415
996409344
996409343
996278272
996278271
996147200
996147199
996016128
996016127
995885056
995885055
995753984
995753983
995622912
995622911
995491840
995491839
995360768
995360767
995229696
995229695
995098624
995098623
994967552
994967551
994836480
994836479
994705408
994705407
994574336
994574335
994443264
994443263
994312192
994312191
994181120
994181119
994050048
994050047
993918976
993918975
993787904
993787903
993656832
993656831
993525760
993525759
993394688
993394687
993263616
993263615
993132544
993132543
993001472
993001471
992870400
992870399
992739328
992739327
992608256
992608255
992477184
992477183
992346112
992346111
992215040
992215039
992083968
992083967
991952896
991952895
991821824
991821823
991690752
991690751
991559680
991559679
991428608
991428607
991297536
991297535
991166464
991166463
991035392
991035391
990904320
990904319
990773248
990773247
990642176
990642175
990511104
990511103
990380032
990380031
990248960
990248959
990117888
990117887
989986816
989986815
989855744
989855743
989724672
989724671
989593600
989593599
989462528
989462527
989331456
989331455
989200384
989200383
989069312
989069311
988938240
988938239
988807168
988807167
988676096
988676095
988545024
988545023
988413952
988413951
988282880
988282879
988151808
988151807
988020736
988020735
987889664
987889663
987758592
987758591
987627520
987627519
987496448
987496447
987365376
987365375
987234304
987234303
987103232
987103231
986972160
986972159
986841088
986841087
986710016
986710015
986578944
986578943
986447872
986447871
986316800
986316799
986185728
986185727
986054656
986054655
985923584
985923583
985792512
985792511
985661440
985661439
985530368
985530367
985399296
985399295
985268224
985268223
985137152
985137151
985006080
985006079
984875008
984875007
984743936
984743935
984612864
984612863
984481792
984481791
984350720
984350719
984219648
984219647
984088576
984088575
983957504
983957503
983826432
983826431
983695360
983695359
983564288
983564287
983433216
983433215
983302144
983302143
983171072
983171071
983040000
983039999
982908928
982908927
982777856
982777855
982646784
982646783
982515712
982515711
982384640
982384639
982253568
982253567
982122496
982122495
981991424
981991423
981860352
981860351
981729280
981729279
981598208
981598207
981467136
981467135
981336064
981336063
981204992
981204991
981073920
981073919
980942848
980942847
980811776
980811775
980680704
980680703
980549632
980549631
980418560
980418559
980287488
980287487
980156416
980156415
980025344
980025343
979894272
979894271
979763200
979763199
979632128
979632127
979501056
979501055
979369984
979369983
979238912
979238911
979107840
979107839
978976768
978976767
978845696
978845695
978714624
978714623
978583552
978583551
978452480
978452479
978321408
978321407
978190336
978190335
978059264
978059263
977928192
977928191
977797120
977797119
977666048
977666047
977534976
977534975
977403904
977403903
977272832
977272831
977141760
977141759
977010688
977010687
976879616
976879615
976748544
976748543
976617472
976617471
976486400
976486399
976355328
976355327
976224256
976224255
976093184
976093183
975962112
975962111
975831040
975831039
975699968
975699967
975568896
975568895
975437824
975437823
975306752
975306751
975175680
975175679
975044608
975044607
974913536
974913535
974782464
974782463
974651392
974651391
974520320
974520319
974389248
974389247
974258176
974258175
974127104
974127103
973996032
973996031
973864960
973864959
973733888
973733887
973602816
973602815
973471744
973471743
973340672
973340671
973209600
973209599
973078528
973078527
972947456
972947455
972816384
972816383
972685312
972685311
972554240
972554239
972423168
972423167
972292096
972292095
972161024
972161023
972029952
972029951
971898880
971898879
971767808
971767807
971636736
971636735
971505664
971505663
971374592
971374591
971243520
971243519
971112448
971112447
970981376
970981375
970850304
970850303
970719232
970719231
970588160
970588159
970457088
970457087
970326016
970326015
970194944
970194943
970063872
970063871
969932800
969932799
969801728
969801727
969670656
969670655
969539584
969539583
969408512
969408511
969277440
969277439
969146368
969146367
969015296
969015295
968884224
968884223
968753152
968753151
968622080
968622079
968491008
968491007
968359936
968359935
968228864
968228863
968097792
968097791
967966720
967966719
967835648
967835647
967704576
967704575
967573504
967573503
967442432
967442431
967311360
967311359
967180288
967180287
967049216
967049215
966918144
966918143
966787072
966787071
966656000
966655999
966524928
966524927
966393856
966393855
966262784
966262783
966131712
966131711
966000640
966000639
965869568
965869567
965738496
965738495
965607424
965607423
965476352
965476351
965345280
965345279
965214208
965214207
965083136
965083135
964952064
964952063
964820992
964820991
964689920
964689919
964558848
964558847
964427776
964427775
964296704
964296703
964165632
964165631
964034560
964034559
963903488
963903487
963772416
963772415
963641344
963641343
963510272
963510271
963379200
963379199
963248128
963248127
963117056
963117055
962985984
962985983
962854912
962854911
962723840
962723839
962592768
962592767
962461696
962461695
962330624
962330623
962199552
962199551
962068480
962068479
961937408
961937407
961806336
961806335
961675264
961675263
961544192
961544191
961413120
961413119
961282048
961282047
961150976
961150975
961019904
961019903
960888832
960888831
960757760
960757759
960626688
960626687
960495616
960495615
960364544
960364543
960233472
960233471
960102400
960102399
959971328
959971327
959840256
959840255
959709184
959709183
959578112
959578111
959447040
959447039
959315968
959315967
959184896
959184895
959053824
959053823
958922752
958922751
958791680
958791679
958660608
958660607
958529536
958529535
958398464
958398463
958267392
958267391
958136320
958136319
958005248
958005247
957874176
957874175
957743104
957743103
957612032
957612031
957480960
957480959
957349888
957349887
957218816
957218815
957087744
957087743
956956672
956956671
956825600
956825599
956694528
956694527
956563456
956563455
956432384
956432383
956301312
956301311
956170240
956170239
956039168
956039167
955908096
955908095
955777024
955777023
955645952
955645951
955514880
955514879
955383808
955383807
955252736
955252735
955121664
955121663
954990592
954990591
954859520
954859519
954728448
954728447
954597376
954597375
954466304
954466303
954335232
954335231
954204160
954204159
954073088
954073087
953942016
953942015
953810944
953810943
953679872
953679871
953548800
953548799
953417728
953417727
953286656
953286655
953155584
953155583
953024512
953024511
952893440
952893439
952762368
952762367
952631296
952631295
952500224
952500223
952369152
952369151
952238080
952238079
952107008
952107007
951975936
951975935
951844864
951844863
951713792
951713791
951582720
951582719
951451648
951451647
951320576
951320575
951189504
951189503
951058432
951058431
950927360
950927359
950796288
950796287
950665216
950665215
950534144
950534143
950403072
950403071
950272000
950271999
950140928
950140927
950009856
950009855
949878784
949878783
949747712
949747711
949616640
949616639
949485568
949485567
949354496
949354495
949223424
949223423
949092352
949092351
948961280
948961279
948830208
948830207
948699136
948699135
948568064
948568063
948436992
948436991
948305920
948305919
948174848
948174847
948043776
948043775
947912704
947912703
947781632
947781631
947650560
947650559
947519488
947519487
947388416
947388415
947257344
947257343
947126272
947126271
946995200
946995199
946864128
946864127
946733056
946733055
946601984
946601983
946470912
946470911
946339840
946339839
946208768
946208767
946077696
946077695
945946624
945946623
945815552
945815551
945684480
945684479
945553408
945553407
945422336
945422335
945291264
945291263
945160192
945160191
945029120
945029119
944898048
944898047
944766976
944766975
944635904
944635903
944504832
944504831
944373760
944373759
944242688
944242687
944111616
944111615
943980544
943980543
943849472
943849471
943718400
943718399
943587328
943587327
943456256
943456255
943325184
943325183
943194112
943194111
943063040
943063039
942931968
942931967
942800896
942800895
942669824
942669823
942538752
942538751
942407680
942407679
942276608
942276607
942145536
942145535
942014464
942014463
941883392
941883391
941752320
941752319
941621248
941621247
941490176
941490175
941359104
941359103
941228032
941228031
941096960
941096959
940965888
940965887
940834816
940834815
940703744
940703743
940572672
940572671
940441600
940441599
940310528
940310527
940179456
940179455
940048384
940048383
939917312
939917311
939786240
939786239
939655168
939655167
939524096
939524095
939393024
939393023
939261952
939261951
939130880
939130879
938999808
938999807
938868736
938868735
938737664
938737663
938606592
938606591
938475520
938475519
938344448
938344447
938213376
938213375
938082304
938082303
937951232
937951231
937820160
937820159
937689088
937689087
937558016
937558015
937426944
937426943
937295872
937295871
937164800
937164799
937033728
937033727
936902656
936902655
936771584
936771583
936640512
936640511
936509440
936509439
936378368
936378367
936247296
936247295
936116224
936116223
935985152
935985151
935854080
935854079
935723008
935723007
935591936
935591935
935460864
935460863
935329792
935329791
935198720
935198719
935067648
935067647
934936576
934936575
934805504
934805503
934674432
934674431
934543360
934543359
934412288
934412287
934281216
934281215
934150144
934150143
934019072
934019071
933888000
933887999
933756928
933756927
933625856
933625855
933494784
933494783
933363712
933363711
933232640
933232639
933101568
933101567
932970496
932970495
932839424
932839423
932708352
932708351
932577280
932577279
932446208
932446207
932315136
932315135
932184064
932184063
932052992
932052991
931921920
931921919
931790848
931790847
931659776
931659775
931528704
931528703
931397632
931397631
931266560
931266559
931135488
931135487
931004416
931004415
930873344
930873343
930742272
930742271
930611200
930611199
930480128
930480127
930349056
930349055
930217984
930217983
930086912
930086911
929955840
929955839
929824768
929824767
929693696
929693695
929562624
929562623
929431552
929431551
929300480
929300479
929169408
929169407
929038336
929038335
928907264
928907263
928776192
928776191
928645120
928645119
928514048
928514047
928382976
928382975
928251904
928251903
928120832
928120831
927989760
927989759
927858688
927858687
927727616
927727615
927596544
927596543
927465472
927465471
927334400
927334399
927203328
927203327
927072256
927072255
926941184
926941183
926810112
926810111
926679040
926679039
926547968
926547967
926416896
926416895
926285824
926285823
926154752
926154751
926023680
926023679
925892608
925892607
925761536
925761535
925630464
925630463
925499392
925499391
925368320
925368319
925237248
925237247
925106176
925106175
924975104
924975103
924844032
924844031
924712960
924712959
924581888
924581887
924450816
924450815
924319744
924319743
924188672
924188671
924057600
924057599
923926528
923926527
923795456
923795455
923664384
923664383
923533312
923533311
923402240
923402239
923271168
923271167
923140096
923140095
923009024
923009023
922877952
922877951
922746880
922746879
922615808
922615807
922484736
922484735
922353664
922353663
922222592
922222591
922091520
922091519
921960448
921960447
921829376
921829375
921698304
921698303
921567232
921567231
921436160
921436159
921305088
921305087
921174016
921174015
921042944
921042943
920911872
920911871
920780800
920780799
920649728
920649727
920518656
920518655
920387584
920387583
920256512
920256511
920125440
920125439
919994368
919994367
919863296
919863295
919732224
919732223
919601152
919601151
919470080
919470079
919339008
919339007
919207936
919207935
919076864
919076863
918945792
918945791
918814720
918814719
918683648
918683647
918552576
918552575
918421504
918421503
918290432
918290431
918159360
918159359
918028288
918028287
917897216
917897215
917766144
917766143
917635072
917635071
917504000
917503999
917372928
917372927
917241856
917241855
917110784
917110783
916979712
916979711
916848640
916848639
916717568
916717567
916586496
916586495
916455424
916455423
916324352
916324351
916193280
916193279
916062208
916062207
915931136
915931135
915800064
915800063
915668992
915668991
915537920
915537919
915406848
915406847
915275776
915275775
915144704
915144703
915013632
915013631
914882560
914882559
914751488
914751487
914620416
914620415
914489344
914489343
914358272
914358271
914227200
914227199
914096128
914096127
913965056
913965055
913833984
913833983
913702912
913702911
913571840
913571839
913440768
913440767
913309696
913309695
913178624
913178623
913047552
913047551
912916480
912916479
912785408
912785407
912654336
912654335
912523264
912523263
912392192
912392191
912261120
912261119
912130048
912130047
911998976
911998975
911867904
911867903
911736832
911736831
911605760
911605759
911474688
911474687
911343616
911343615
911212544
911212543
911081472
911081471
910950400
910950399
910819328
910819327
910688256
910688255
910557184
910557183
910426112
910426111
910295040
910295039
910163968
910163967
910032896
910032895
909901824
909901823
909770752
909770751
909639680
909639679
909508608
909508607
909377536
909377535
909246464
909246463
909115392
909115391
908984320
908984319
908853248
908853247
908722176
908722175
908591104
908591103
908460032
908460031
908328960
908328959
908197888
908197887
908066816
908066815
907935744
907935743
907804672
907804671
907673600
907673599
907542528
907542527
907411456
907411455
907280384
907280383
907149312
907149311
907018240
907018239
906887168
906887167
906756096
906756095
906625024
906625023
906493952
906493951
906362880
906362879
906231808
906231807
906100736
906100735
905969664
905969663
905838592
905838591
905707520
905707519
905576448
905576447
905445376
905445375
905314304
905314303
905183232
905183231
905052160
905052159
904921088
904921087
904790016
904790015
904658944
904658943
904527872
904527871
904396800
904396799
904265728
904265727
904134656
904134655
904003584
904003583
903872512
903872511
903741440
903741439
903610368
903610367
903479296
903479295
903348224
903348223
903217152
903217151
903086080
903086079
902955008
902955007
902823936
902823935
902692864
902692863
902561792
902561791
902430720
902430719
902299648
902299647
902168576
902168575
902037504
902037503
901906432
901906431
901775360
901775359
901644288
901644287
901513216
901513215
901382144
901382143
901251072
901251071
901120000
901119999
900988928
900988927
900857856
900857855
900726784
900726783
900595712
900595711
900464640
900464639
900333568
900333567
900202496
900202495
900071424
900071423
899940352
899940351
899809280
899809279
899678208
899678207
899547136
899547135
899416064
899416063
899284992
899284991
899153920
899153919
899022848
899022847
898891776
898891775
898760704
898760703
898629632
898629631
898498560
898498559
898367488
898367487
898236416
898236415
898105344
898105343
897974272
897974271
897843200
897843199
897712128
897712127
897581056
897581055
897449984
897449983
897318912
897318911
897187840
897187839
897056768
897056767
896925696
896925695
896794624
896794623
896663552
896663551
896532480
896532479
896401408
896401407
896270336
896270335
896139264
896139263
896008192
896008191
895877120
895877119
895746048
895746047
895614976
895614975
895483904
895483903
895352832
895352831
895221760
895221759
895090688
895090687
894959616
894959615
894828544
894828543
894697472
894697471
894566400
894566399
894435328
894435327
894304256
894304255
894173184
894173183
894042112
894042111
893911040
893911039
893779968
893779967
893648896
893648895
893517824
893517823
893386752
893386751
893255680
893255679
893124608
893124607
892993536
892993535
892862464
892862463
892731392
892731391
892600320
892600319
892469248
892469247
892338176
892338175
892207104
892207103
892076032
892076031
891944960
891944959
891813888
891813887
891682816
891682815
891551744
891551743
891420672
891420671
891289600
891289599
891158528
891158527
891027456
891027455
890896384
890896383
890765312
890765311
890634240
890634239
890503168
890503167
890372096
890372095
890241024
890241023
890109952
890109951
889978880
889978879
889847808
889847807
889716736
889716735
889585664
889585663
889454592
889454591
889323520
889323519
889192448
889192447
889061376
889061375
888930304
888930303
888799232
888799231
888668160
888668159
888537088
888537087
888406016
888406015
888274944
888274943
888143872
888143871
888012800
888012799
887881728
887881727
887750656
887750655
887619584
887619583
887488512
887488511
887357440
887357439
887226368
887226367
887095296
887095295
886964224
886964223
886833152
886833151
886702080
886702079
886571008
886571007
886439936
886439935
886308864
886308863
886177792
886177791
886046720
886046719
885915648
885915647
885784576
885784575
885653504
885653503
885522432
885522431
885391360
885391359
885260288
885260287
885129216
885129215
884998144
884998143
884867072
884867071
884736000
884735999
884604928
884604927
884473856
884473855
884342784
884342783
884211712
884211711
884080640
884080639
883949568
883949567
883818496
883818495
883687424
883687423
883556352
883556351
883425280
883425279
883294208
883294207
883163136
883163135
883032064
883032063
882900992
882900991
882769920
882769919
882638848
882638847
882507776
882507775
882376704
882376703
882245632
882245631
882114560
882114559
881983488
881983487
881852416
881852415
881721344
881721343
881590272
881590271
881459200
881459199
881328128
881328127
881197056
881197055
881065984
881065983
880934912
880934911
880803840
880803839
880672768
880672767
880541696
880541695
880410624
880410623
880279552
880279551
880148480
880148479
880017408
880017407
879886336
879886335
879755264
879755263
879624192
879624191
879493120
879493119
879362048
879362047
879230976
879230975
879099904
879099903
878968832
878968831
878837760
878837759
878706688
878706687
878575616
878575615
878444544
878444543
878313472
878313471
878182400
878182399
878051328
878051327
877920256
877920255
877789184
877789183
877658112
877658111
877527040
877527039
877395968
877395967
877264896
877264895
877133824
877133823
877002752
877002751
876871680
876871679
876740608
876740607
876609536
876609535
876478464
876478463
876347392
876347391
876216320
876216319
876085248
876085247
875954176
875954175
875823104
875823103
875692032
875692031
875560960
875560959
875429888
875429887
875298816
875298815
875167744
875167743
875036672
875036671
874905600
874905599
874774528
874774527
874643456
874643455
874512384
874512383
874381312
874381311
874250240
874250239
874119168
874119167
873988096
873988095
873857024
873857023
873725952
873725951
873594880
873594879
873463808
873463807
873332736
873332735
873201664
873201663
873070592
873070591
872939520
872939519
872808448
872808447
872677376
872677375
872546304
872546303
872415232
872415231
872284160
872284159
872153088
872153087
872022016
872022015
871890944
871890943
871759872
871759871
871628800
871628799
871497728
871497727
871366656
871366655
871235584
871235583
871104512
871104511
870973440
870973439
870842368
870842367