2000
65535
65536
131071
131072
262143
262144
524287
524288
1048575
1048576
2097151
2097152
4194303
4194304
8388607
8388608
16777215
16777216
33554431
33554432
67108863
67108864
134217727
134217728
268435455
268435456
536870911
536870912
870842367
870842368
870973439
870973440
871104511
871104512
871235583
871235584
871366655
871366656
871497727
871497728
871628799
871628800
871759871
871759872 
871890943
871890944
872022015
872022016
872153087
872153088
872284159
872284160
872415231
872415232
872546303
872546304
872677375
872677376
872808447 
872808448
872939519
872939520
873070591
873070592
873201663
873201664
873332735
873332736
873463807
873463808
873594879
873594880
873725951
873725952
873857023
873857024
873988095
873988096
874119167
874119168
874250239
874250240
874381311
874381312
874512383
874512384
874643455
874643456
874774527
874774528
874905599
874905600
875036671
875036672
875167743
875167744
875298815
875298816
875429887
875429888
875560959
875560960
875692031
875692032
875823103
875823104
875954175
875954176
876085247
876085248
876216319
876216320
876347391
876347392
876478463
876478464
876609535
876609536
876740607
876740608
876871679
876871680
877002751
877002752
877133823
877133824
877264895
877264896
877395967
877395968
877527039
877527040
877658111
877658112
877789183
877789184
877920255
877920256
878051327
878051328
878182399
878182400
878313471
878313472
878444543
878444544
878575615
878575616
878706687
878706688
878837759
878837760
878968831
878968832
879099903
879099904
879230975
879230976
879362047
879362048
879493119
879493120
879624191
879624192
879755263
879755264
879886335
879886336
880017407
880017408
880148479
880148480
880279551
880279552
880410623
880410624
880541695
880541696
880672767
880672768
880803839
880803840
880934911
880934912
881065983
881065984
881197055
881197056
881328127
881328128
881459199
881459200
881590271
881590272
881721343
881721344
881852415
881852416
881983487
881983488
882114559
882114560
882245631
882245632
882376703
882376704
882507775
882507776
882638847
882638848
882769919
882769920
882900991
882900992
883032063
883032064
883163135
883163136
883294207
883294208
883425279
883425280
883556351
883556352
883687423
883687424
883818495
883818496
883949567
883949568
884080639
884080640
884211711
884211712
884342783
884342784
884473855
884473856
884604927
884604928
884735999
884736000
884867071
884867072
884998143
884998144
885129215
885129216
885260287
885260288
885391359
885391360
885522431
885522432
885653503
885653504
885784575
885784576
885915647
885915648
886046719
886046720
886177791
886177792
886308863
886308864
886439935
886439936
886571007
886571008
886702079
886702080
886833151
886833152
886964223
886964224
887095295
887095296
887226367
887226368
887357439
887357440
887488511
887488512
887619583
887619584
887750655
887750656
887881727
887881728
888012799
888012800
888143871
888143872
888274943
888274944
888406015
888406016
888537087
888537088
888668159
888668160
888799231
888799232
888930303
888930304
889061375
889061376
889192447
889192448
889323519
889323520
889454591
889454592
889585663
889585664
889716735
889716736
889847807
889847808
889978879
889978880
890109951
890109952
890241023
890241024
890372095
890372096
890503167
890503168
890634239
890634240
890765311
890765312
890896383
890896384
891027455
891027456
891158527
891158528
891289599
891289600
891420671
891420672
891551743
891551744
891682815
891682816
891813887
891813888
891944959
891944960
892076031
892076032
892207103
892207104
892338175
892338176
892469247
892469248
892600319
892600320
892731391
892731392
892862463
892862464
892993535
892993536
893124607
893124608
893255679
893255680
893386751
893386752
893517823
893517824
893648895
893648896
893779967
893779968
893911039
893911040
894042111
894042112
894173183
894173184
894304255
894304256
894435327
894435328
894566399
894566400
894697471
894697472
894828543
894828544
894959615
894959616
895090687
895090688
895221759
895221760
895352831
895352832
895483903
895483904
895614975
895614976
895746047
895746048
895877119
895877120
896008191
896008192
896139263
896139264
896270335
896270336
896401407
896401408
896532479
896532480
896663551
896663552
896794623
896794624
896925695
896925696
897056767
897056768
897187839
897187840
897318911
897318912
897449983
897449984
897581055
897581056
897712127
897712128
897843199
897843200
897974271
897974272
898105343
898105344
898236415
898236416
898367487
898367488
898498559
898498560
898629631
898629632
898760703
898760704
898891775
898891776
899022847
899022848
899153919
899153920
899284991
899284992
899416063
899416064
899547135
899547136
899678207
899678208
899809279
899809280
899940351
899940352
900071423
900071424
900202495
900202496
900333567
900333568
900464639
900464640
900595711
900595712
900726783
900726784
900857855
900857856
900988927
900988928
901119999
901120000
901251071
901251072
901382143
901382144
901513215
901513216
901644287
901644288
901775359
901775360
901906431
901906432
902037503
902037504
902168575
902168576
902299647
902299648
902430719
902430720
902561791
902561792
902692863
902692864
902823935
902823936
902955007
902955008
903086079
903086080
903217151
903217152
903348223
903348224
903479295
903479296
903610367
903610368
903741439
903741440
903872511
903872512
904003583
904003584
904134655
904134656
904265727
904265728
904396799
904396800
904527871
904527872
904658943
904658944
904790015
904790016
904921087
904921088
905052159
905052160
905183231
905183232
905314303
905314304
905445375
905445376
905576447
905576448
905707519
905707520
905838591
905838592
905969663
905969664
906100735
906100736
906231807
906231808
906362879
906362880
906493951
906493952
906625023
906625024
906756095
906756096
906887167
906887168
907018239
907018240
907149311
907149312
907280383
907280384
907411455
907411456
907542527
907542528
907673599
907673600
907804671
907804672
907935743
907935744
908066815
908066816
908197887
908197888
908328959
908328960
908460031
908460032
908591103
908591104
908722175
908722176
908853247
908853248
908984319
908984320
909115391
909115392
909246463
909246464
909377535
909377536
909508607
909508608
909639679
909639680
909770751
909770752
909901823
909901824
910032895
910032896
910163967
910163968
910295039
910295040
910426111
910426112
910557183
910557184
910688255
910688256
910819327
910819328
910950399
910950400
911081471
911081472
911212543
911212544
911343615
911343616
911474687
911474688
911605759
911605760
911736831
911736832
911867903
911867904
911998975
911998976
912130047
912130048
912261119
912261120
912392191
912392192
912523263
912523264
912654335
912654336
912785407
912785408
912916479
912916480
913047551
913047552
913178623
913178624
913309695
913309696
913440767
913440768
913571839
913571840
913702911
913702912
913833983
913833984
913965055
913965056
914096127
914096128
914227199
914227200
914358271
914358272
914489343
914489344
914620415
914620416
914751487
914751488
914882559
914882560
915013631
915013632
915144703
915144704
915275775
915275776
915406847
915406848
915537919
915537920
915668991
915668992
915800063
915800064
915931135
915931136
916062207
916062208
916193279
916193280
916324351
916324352
916455423
916455424
916586495
916586496
916717567
916717568
916848639
916848640
916979711
916979712
917110783
917110784
917241855
917241856
917372927
917372928
917503999
917504000
917635071
917635072
917766143
917766144
917897215
917897216
918028287
918028288
918159359
918159360
918290431
918290432
918421503
918421504
918552575
918552576
918683647
918683648
918814719
918814720
918945791
918945792
919076863
919076864
919207935
919207936
919339007
919339008
919470079
919470080
919601151
919601152
919732223
919732224
919863295
919863296
919994367
919994368
920125439
920125440
920256511
920256512
920387583
920387584
920518655
920518656
920649727
920649728
920780799
920780800
920911871
920911872
921042943
921042944
921174015
921174016
921305087
921305088
921436159
921436160
921567231
921567232
921698303
921698304
921829375
921829376
921960447
921960448
922091519
922091520
922222591
922222592
922353663
922353664
922484735
922484736
922615807
922615808
922746879
922746880
922877951
922877952
923009023
923009024
923140095
923140096
923271167
923271168
923402239
923402240
923533311
923533312
923664383
923664384
923795455
923795456
923926527
923926528
924057599
924057600
924188671
924188672
924319743
924319744
924450815
924450816
924581887
924581888
924712959
924712960
924844031
924844032
924975103
924975104
925106175
925106176
925237247
925237248
925368319
925368320
925499391
925499392
925630463
925630464
925761535
925761536
925892607
925892608
926023679
926023680
926154751
926154752
926285823
926285824
926416895
926416896
926547967
926547968
926679039
926679040
926810111
926810112
926941183
926941184
927072255
927072256
927203327
927203328
927334399
927334400
927465471
927465472
927596543
927596544
927727615
927727616
927858687
927858688
927989759
927989760
928120831
928120832
928251903
928251904
928382975
928382976
928514047
928514048
928645119
928645120
928776191
928776192
928907263
928907264
929038335
929038336
929169407
929169408
929300479
929300480
929431551
929431552
929562623
929562624
929693695
929693696
929824767
929824768
929955839
929955840
930086911
930086912
930217983
930217984
930349055
930349056
930480127
930480128
930611199
930611200
930742271
930742272
930873343
930873344
931004415
931004416
931135487
931135488
931266559
931266560
931397631
931397632
931528703
931528704
931659775
931659776
931790847
931790848
931921919
931921920
932052991
932052992
932184063
932184064
932315135
932315136
932446207
932446208
932577279
932577280
932708351
932708352
932839423
932839424
932970495
932970496
933101567
933101568
933232639
933232640
933363711
933363712
933494783
933494784
933625855
933625856
933756927
933756928
933887999
933888000
934019071
934019072
934150143
934150144
934281215
934281216
934412287
934412288
934543359
934543360
934674431
934674432
934805503
934805504
934936575
934936576
935067647
935067648
935198719
935198720
935329791
935329792
935460863
935460864
935591935
935591936
935723007
935723008
935854079
935854080
935985151
935985152
936116223
936116224
936247295
936247296
936378367
936378368
936509439
936509440
936640511
936640512
936771583
936771584
936902655
936902656
937033727
937033728
937164799
937164800
937295871
937295872
937426943
937426944
937558015
937558016
937689087
937689088
937820159
937820160
937951231
937951232
938082303
938082304
938213375
938213376
938344447
938344448
938475519
938475520
938606591
938606592
938737663
938737664
938868735
938868736
938999807
938999808
939130879
939130880
939261951
939261952
939393023
939393024
939524095
939524096
939655167
939655168
939786239
939786240
939917311
939917312
940048383
940048384
940179455
940179456
940310527
940310528
940441599
940441600
940572671
940572672
940703743
940703744
940834815
940834816
940965887
940965888
941096959
941096960
941228031
941228032
941359103
941359104
941490175
941490176
941621247
941621248
941752319
941752320
941883391
941883392
942014463
942014464
942145535
942145536
942276607
942276608
942407679
942407680
942538751
942538752
942669823
942669824
942800895
942800896
942931967
942931968
943063039
943063040
943194111
943194112
943325183
943325184
943456255
943456256
943587327
943587328
943718399
943718400
943849471
943849472
943980543
943980544
944111615
944111616
944242687
944242688
944373759
944373760
944504831
944504832
944635903
944635904
944766975
944766976
944898047
944898048
945029119
945029120
945160191
945160192
945291263
945291264
945422335
945422336
945553407
945553408
945684479
945684480
945815551
945815552
945946623
945946624
946077695
946077696
946208767
946208768
946339839
946339840
946470911
946470912
946601983
946601984
946733055
946733056
946864127
946864128
946995199
946995200
947126271
947126272
947257343
947257344
947388415
947388416
947519487
947519488
947650559
947650560
947781631
947781632
947912703
947912704
948043775
948043776
948174847
948174848
948305919
948305920
948436991
948436992
948568063
948568064
948699135
948699136
948830207
948830208
948961279
948961280
949092351
949092352
949223423
949223424
949354495
949354496
949485567
949485568
949616639
949616640
949747711
949747712
949878783
949878784
950009855
950009856
950140927
950140928
950271999
950272000
950403071
950403072
950534143
950534144
950665215
950665216
950796287
950796288
950927359
950927360
951058431
951058432
951189503
951189504
951320575
951320576
951451647
951451648
951582719
951582720
951713791
951713792
951844863
951844864
951975935
951975936
952107007
952107008
952238079
952238080
952369151
952369152
952500223
952500224
952631295
952631296
952762367
952762368
952893439
952893440
953024511
953024512
953155583
953155584
953286655
953286656
953417727
953417728
953548799
953548800
953679871
953679872
953810943
953810944
953942015
953942016
954073087
954073088
954204159
954204160
954335231
954335232
954466303
954466304
954597375
954597376
954728447
954728448
954859519
954859520
954990591
954990592
955121663
955121664
955252735
955252736
955383807
955383808
955514879
955514880
955645951
955645952
955777023
955777024
955908095
955908096
956039167
956039168
956170239
956170240
956301311
956301312
956432383
956432384
956563455
956563456
956694527
956694528
956825599
956825600
956956671
956956672
957087743
957087744
957218815
957218816
957349887
957349888
957480959
957480960
957612031
957612032
957743103
957743104
957874175
957874176
958005247
958005248
958136319
958136320
958267391
958267392
958398463
958398464
958529535
958529536
958660607
958660608
958791679
958791680
958922751
958922752
959053823
959053824
959184895
959184896
959315967
959315968
959447039
959447040
959578111
959578112
959709183
959709184
959840255
959840256
959971327
959971328
960102399
960102400
960233471
960233472
960364543
960364544
960495615
960495616
960626687
960626688
960757759
960757760
960888831
960888832
961019903
961019904
961150975
961150976
961282047
961282048
961413119
961413120
961544191
961544192
961675263
961675264
961806335
961806336
961937407
961937408
962068479
962068480
962199551
962199552
962330623
962330624
962461695
962461696
962592767
962592768
962723839
962723840
962854911
962854912
962985983
962985984
963117055
963117056
963248127
963248128
963379199
963379200
963510271
963510272
963641343
963641344
963772415
963772416
963903487
963903488
964034559
964034560
964165631
964165632
964296703
964296704
964427775
964427776
964558847
964558848
964689919
964689920
964820991
964820992
964952063
964952064
965083135
965083136
965214207
965214208
965345279
965345280
965476351
965476352
965607423
965607424
965738495
965738496
965869567
965869568
966000639
966000640
966131711
966131712
966262783
966262784
966393855
966393856
966524927
966524928
966655999
966656000
966787071
966787072
966918143
966918144
967049215
967049216
967180287
967180288
967311359
967311360
967442431
967442432
967573503
967573504
967704575
967704576
967835647
967835648
967966719
967966720
968097791
968097792
968228863
968228864
968359935
968359936
968491007
968491008
968622079
968622080
968753151
968753152
968884223
968884224
969015295
969015296
969146367
969146368
969277439
969277440
969408511
969408512
969539583
969539584
969670655
969670656
969801727
969801728
969932799
969932800
970063871
970063872
970194943
970194944
970326015
970326016
970457087
970457088
970588159
970588160
970719231
970719232
970850303
970850304
970981375
970981376
971112447
971112448
971243519
971243520
971374591
971374592
971505663
971505664
971636735
971636736
971767807
971767808
971898879
971898880
972029951
972029952
972161023
972161024
972292095
972292096
972423167
972423168
972554239
972554240
972685311
972685312
972816383
972816384
972947455
972947456
973078527
973078528
973209599
973209600
973340671
973340672
973471743
973471744
973602815
973602816
973733887
973733888
973864959
973864960
973996031
973996032
974127103
974127104
974258175
974258176
974389247
974389248
974520319
974520320
974651391
974651392
974782463
974782464
974913535
974913536
975044607
975044608
975175679
975175680
975306751
975306752
975437823
975437824
975568895
975568896
975699967
975699968
975831039
975831040
975962111
975962112
976093183
976093184
976224255
976224256
976355327
976355328
976486399
976486400
976617471
976617472
976748543
976748544
976879615
976879616
977010687
977010688
977141759
977141760
977272831
977272832
977403903
977403904
977534975
977534976
977666047
977666048
977797119
977797120
977928191
977928192
978059263
978059264
978190335
978190336
978321407
978321408
978452479
978452480
978583551
978583552
978714623
978714624
978845695
978845696
978976767
978976768
979107839
979107840
979238911
979238912
979369983
979369984
979501055
979501056
979632127
979632128
979763199
979763200
979894271
979894272
980025343
980025344
980156415
980156416
980287487
980287488
980418559
980418560
980549631
980549632
980680703
980680704
980811775
980811776
980942847
980942848
981073919
981073920
981204991
981204992
981336063
981336064
981467135
981467136
981598207
981598208
981729279
981729280
981860351
981860352
981991423
981991424
982122495
982122496
982253567
982253568
982384639
982384640
982515711
982515712
982646783
982646784
982777855
982777856
982908927
982908928
983039999
983040000
983171071
983171072
983302143
983302144
983433215
983433216
983564287
983564288
983695359
983695360
983826431
983826432
983957503
983957504
984088575
984088576
984219647
984219648
984350719
984350720
984481791
984481792
984612863
984612864
984743935
984743936
984875007
984875008
985006079
985006080
985137151
985137152
985268223
985268224
985399295
985399296
985530367
985530368
985661439
985661440
985792511
985792512
985923583
985923584
986054655
986054656
986185727
986185728
986316799
986316800
986447871
986447872
986578943
986578944
986710015
986710016
986841087
986841088
986972159
986972160
987103231
987103232
987234303
987234304
987365375
987365376
987496447
987496448
987627519
987627520
987758591
987758592
987889663
987889664
988020735
988020736
988151807
988151808
988282879
988282880
988413951
988413952
988545023
988545024
988676095
988676096
988807167
988807168
988938239
988938240
989069311
989069312
989200383
989200384
989331455
989331456
989462527
989462528
989593599
989593600
989724671
989724672
989855743
989855744
989986815
989986816
990117887
990117888
990248959
990248960
990380031
990380032
990511103
990511104
990642175
990642176
990773247
990773248
990904319
990904320
991035391
991035392
991166463
991166464
991297535
991297536
991428607
991428608
991559679
991559680
991690751
991690752
991821823
991821824
991952895
991952896
992083967
992083968
992215039
992215040
992346111
992346112
992477183
992477184
992608255
992608256
992739327
992739328
992870399
992870400
993001471
993001472
993132543
993132544
993263615
993263616
993394687
993394688
993525759
993525760
993656831
993656832
993787903
993787904
993918975
993918976
994050047
994050048
994181119
994181120
994312191
994312192
994443263
994443264
994574335
994574336
994705407
994705408
994836479
994836480
994967551
994967552
995098623
995098624
995229695
995229696
995360767
995360768
995491839
995491840
995622911
995622912
995753983
995753984
995885055
995885056
996016127
996016128
996147199
996147200
996278271
996278272
996409343
996409344
996540415
996540416
996671487
996671488
996802559
996802560
996933631
996933632
997064703
997064704
997195775
997195776
997326847
997326848
997457919
997457920
997588991
997588992
997720063
997720064
997851135
997851136
997982207
997982208
998113279
998113280
998244351
998244352
998375423
998375424
998506495
998506496
998637567
998637568
998768639
998768640
998899711
998899712
999030783
999030784
999161855
999161856
999292927
999292928
999423999
999424000
999555071
999555072
999686143
999686144
999817215
999817216
999948287
999948288
